time,x,y,z,phi,theta,psi,x_velocity,y_velocity,z_velocity,phi_velocity,theta_velocity,psi_velocity,rotor_speed1,rotor_speed2,rotor_speed3,rotor_speed4
0.06,-4.41492054394e-07,5.46026203294e-07,10.0051858534,0.000421989872297,0.000356417291933,0.0,-3.71511553398e-05,4.51516371383e-05,0.172850646294,0.018307072914,0.0157533101349,0.0,459.5201893933419,460.7669791927906,457.99530514819935,459.44871134138054
0.12000000000000001,-1.56327937048e-05,1.87080286439e-05,10.021639016,0.00196504636277,0.00158544305516,0.0,-0.000598238962261,0.000718627277427,0.375542563008,0.037475261106,0.028574173129,0.0,467.84968553889854,468.8466450160234,467.71225363378,469.20258034842595
0.18,-8.91616980263e-05,0.000109864559609,10.0462393573,0.00500845237657,0.00341411595322,0.0,-0.0020254770603,0.00258564005843,0.444442888194,0.068954714265,0.0340360388664,0.0,427.24707607793783,427.7127679225529,425.33718820508017,428.0258193814469
0.23999999999999996,-0.00029465388418,0.000389856151412,10.0767193934,0.00978019986522,0.00691052382955,0.0,-0.00514064744679,0.00722533234748,0.571498251946,0.0950101449685,0.0850495168444,0.0,443.15098838095605,447.3258268424608,444.9611075957006,447.09353171400426
0.3,-0.000789520095169,0.00108142465721,10.1170939974,0.0160185167877,0.01173400549,0.0,-0.0119383166994,0.0165303260593,0.774192871513,0.117622297314,0.0689113119238,0.0,470.317987272659,469.07133078045985,466.90784413307676,468.6769768263882
0.36000000000000004,-0.00176842391946,0.00243730312277,10.166899069,0.0230714078862,0.0157199838037,0.0,-0.0211126217632,0.0293959680183,0.885876581551,0.117399689611,0.0609508682357,0.0,441.60942785347527,440.9557056854064,441.27394076926623,441.26807539431206
0.4200000000000001,-0.0034052081608,0.00475063899917,10.2249379808,0.0300425304295,0.0195823392184,0.0,-0.0338640170455,0.0484916641423,1.048590829,0.113641401804,0.0704595485763,0.0,456.81608529203754,457.57647572453055,457.51375787244405,457.22612746732585
0.48000000000000015,-0.00586214017307,0.00831344622792,10.2910598782,0.0367878405576,0.0235606803275,0.0,-0.0484561919005,0.0709636141704,1.15533761199,0.109866228943,0.0563416566134,0.0,440.8956748291448,439.7311126082476,440.4734879234282,440.1725627889088
0.5400000000000001,-0.0092481426797,0.0133231607514,10.362494432,0.043457558077,0.0268533386784,0.0,-0.0647349591397,0.0966708944794,1.22570597267,0.113632922898,0.0517771999663,0.0,427.8599971576876,427.47340309879934,430.1290325981605,430.4592545012912
0.6000000000000002,-0.0136580672032,0.0199792148496,10.437506786,0.0500841935613,0.0303904541727,0.0,-0.0825779270594,0.125830008882,1.27461186357,0.103157757511,0.0704045684814,0.0,421.4079106816759,423.01739432681444,422.66203084746274,421.76980833947516
0.6600000000000003,-0.0191520101905,0.0284145516898,10.5135961403,0.0564652162952,0.0344312772092,0.0,-0.100907745064,0.155883874578,1.26167209275,0.112068788312,0.0604016011403,0.0,402.14724019548123,401.24412998704304,400.9581675243889,401.7780229186111
0.7200000000000003,-0.0258805712476,0.0388745082804,10.5908002584,0.0633934452302,0.0379180977737,0.0,-0.123713232743,0.193422662652,1.31168767094,0.121523088698,0.0530950257312,0.0,423.3759740415338,422.74944134678344,422.27735223374594,423.1046428040273
0.7800000000000004,-0.0342408111672,0.0520531764115,10.6761203204,0.0705223480348,0.0410221738798,0.0,-0.155329030425,0.246710498644,1.53196555467,0.112765434755,0.0488657216457,0.0,475.8234993302133,475.5011774193195,476.53499680372585,475.8767843812772
0.8400000000000004,-0.0442806047658,0.0680940425823,10.7676144223,0.0769444468376,0.0448434944643,0.0,-0.179628604469,0.288547311739,1.51779620075,0.0919886682158,0.0833909288045,0.0,401.13058843365275,404.25653103069004,402.67337795330707,400.8007742374735
0.9000000000000005,-0.0560883130074,0.0871551851006,10.8634190503,0.0824765129894,0.0503214988123,0.0,-0.214536696423,0.347411916646,1.67538574299,0.0926223181934,0.103678783901,0.0,456.8423206278604,458.46356603646274,458.4593614319489,458.5165786073502
0.9600000000000005,-0.0701827786932,0.10997464278,10.9698994874,0.087621703701,0.05703503503,0.0,-0.256023632538,0.413833180098,1.87354786731,0.0662152474175,0.124643966626,0.0,469.6570227207957,471.290270925868,472.4195968629415,470.38455137483464
1.0200000000000005,-0.0867408660214,0.13660560148,11.0850099254,0.0910630723095,0.0649977613265,0.0,-0.296686150786,0.47422733635,1.96321777456,0.0265113710098,0.145283557273,0.0,438.17119461682785,439.89971779065723,439.4881013175258,436.1870660573424
1.0800000000000005,-0.106013369558,0.167065777627,11.2070879568,0.0926898544363,0.073223220059,0.0,-0.346645397708,0.541248810764,2.10569587157,0.028289831729,0.110851094997,0.0,457.4256315567461,454.69165151123997,454.9009397244666,455.04347546581204
1.1400000000000006,-0.128360521849,0.20146113169,11.3364087741,0.0948966455511,0.0805368665277,0.0,-0.398966411844,0.605433679593,2.20471358135,0.0498742689014,0.137876216599,0.0,441.0612572442457,443.30057288816585,442.339030134916,444.11347389572103
1.2000000000000006,-0.153831715125,0.239555113609,11.4695656027,0.0981884779814,0.0887598687512,0.0,-0.450827086414,0.66463250709,2.23367379067,0.0633305924518,0.135346249889,0.0,421.77460443959296,421.5745487369253,418.9132282894493,420.0838387264877
1.2600000000000007,-0.182511326903,0.281200246601,11.6038220531,0.102141455203,0.096586934645,0.0,-0.505869384585,0.723861482345,2.24139765683,0.0705508440685,0.118232237631,0.0,414.73021823854094,413.2411574872031,413.38726211299905,414.0265444727005
1.3200000000000007,-0.215403796417,0.327275361937,11.7463356095,0.106664505516,0.104157421297,0.0,-0.591428983507,0.812449724893,2.50829875137,0.0836220708689,0.138591809407,0.0,493.60871520322166,495.1213335814554,494.0755408705089,495.0420496340526
1.3800000000000008,-0.252870989675,0.378011387208,11.8977015737,0.112047624083,0.112798446418,0.0,-0.658252129714,0.879196536119,2.53698793562,0.0997394643589,0.153101658492,0.0,422.2966776814076,423.5667541617437,422.18820216634344,423.5835886549938
1.4400000000000008,-0.29411910493,0.432464614845,12.0473627909,0.118189628397,0.12188476428,0.0,-0.717394298353,0.936358964749,2.45173534598,0.107158505936,0.147890690689,0.0,384.5388088044978,384.0703810861227,382.5901666048725,383.3067957762358
1.5000000000000009,-0.340383443277,0.491710313886,12.2024992172,0.124522771577,0.130159110535,0.0,-0.825799122531,1.0391918125,2.71854684074,0.102132453866,0.0910840018835,0.0,498.9247422966388,494.7735715095803,496.85581174640333,496.4956555261024
1.560000000000001,-0.392256490781,0.556242357596,12.365375935,0.130639797988,0.135305276816,0.0,-0.90377015055,1.11237331458,2.71050402337,0.101584208269,0.0721664565934,0.0,413.7842951699223,412.12206847099986,413.18599663076566,413.1475312913743
1.620000000000001,-0.449950703063,0.62627810125,12.5353731644,0.136994154449,0.139346561687,0.0,-1.01980823643,1.22279744636,2.95517527699,0.113382742843,0.0553919956446,0.0,494.24670673303893,493.0117057930634,491.26366138679975,492.1462942159985
1.680000000000001,-0.51456773301,0.702958785225,12.7190319714,0.143387801018,0.142689717218,0.0,-1.13440902329,1.33388885776,3.16592634682,0.0872329756262,0.0563656277273,0.0,485.00494431355446,485.07988017933445,485.1395040850205,483.1806794623438
1.740000000000001,-0.586209398216,0.786509445054,12.9157419163,0.148873286328,0.145947923124,0.0,-1.25395412122,1.45163236309,3.39012951616,0.0987059557545,0.0498241184229,0.0,490.0668807333463,489.5820535101642,490.24283146488204,491.10070091106047
1.8000000000000012,-0.664480560329,0.876622091347,13.1216782525,0.155548316817,0.14897031506,0.0,-1.35535133978,1.55266744177,3.47388957384,0.128783309637,0.0514489739381,0.0,450.1139612473181,450.24701238364497,447.7007062427798,450.15173933788094
1.8600000000000012,-0.749206766741,0.973248263704,13.3346071034,0.162676308399,0.151907761109,0.0,-1.46911620132,1.66891131418,3.62292040221,0.0719408613077,0.0434418806053,0.0,470.9185056687904,470.3000231767753,473.5647202680669,469.1819637973683
1.9200000000000013,-0.840401689313,1.07653246026,13.5537063264,0.166652106421,0.154633547565,0.0,-1.57094937956,1.77420001055,3.67995453301,0.0513981681388,0.0491343451647,0.0,443.1400109225709,443.60892991836,445.1338643487613,443.4526332003901
1.9800000000000013,-0.93810535569,1.18655761016,13.7783385002,0.169738195416,0.157079450165,0.0,-1.68607618936,1.89348366366,3.80708775988,0.0515079867945,0.0133773811235,0.0,467.9888322478043,465.1977699391049,467.0653218064116,467.07544323156577
2.0400000000000014,-1.04225539972,1.30324857633,14.0073938698,0.17247225532,0.158326165604,0.0,-1.78569080803,1.9963991937,3.82782028277,0.0297442465308,0.0325247507984,0.0,433.7653720386605,435.3705286812973,435.09696587975424,433.2720702781895
2.1000000000000014,-1.15265245334,1.42640374208,14.2391351894,0.174067147684,0.160173626786,0.0,-1.89437182091,2.10881348676,3.89643339962,0.0193581756239,0.0270768827665,0.0,450.9305367853045,450.49049699923756,450.75246911382374,449.9124147460619
2.1600000000000015,-1.26979682241,1.55651595594,14.47608726,0.17495651659,0.162578093828,0.0,-2.01060843487,2.22820873189,4.00136177027,0.00371251736327,0.0580633401098,0.0,461.0724547272011,463.5149632445292,464.15808924898545,462.92838285366804
2.2200000000000015,-1.39440280303,1.69423999816,14.7218486025,0.174944513018,0.165942920319,0.0,-2.1432110755,2.36237048713,4.18969380031,-0.00947522010915,0.0517881647572,0.0,490.0941330383061,489.6292693520857,489.43681366551976,488.4542411027265
2.2800000000000016,-1.5268938617,1.83983173533,14.9779730813,0.174429959996,0.169043742285,0.0,-2.27340903423,2.49040384924,4.34691222905,-0.00683524999138,0.0514639714707,0.0,482.4056977705541,482.3827023443675,481.79622697795486,481.99593123068325
2.3400000000000016,-1.66684677541,1.99264292387,15.2410473116,0.173967691942,0.172386921121,0.0,-2.39197179889,2.60309197074,4.42168446662,-0.0095022233467,0.0630996690026,0.0,458.64457307518,459.56986870516096,458.37845310592843,458.1665514007879
2.4000000000000017,-1.81372722135,2.15192460032,15.5070928766,0.173231186823,0.176961940253,0.0,-2.50443369067,2.70610110859,4.44615436302,-0.0184945529296,0.0943839868366,0.0,442.0998172883992,444.67469035108144,444.5546211218535,443.8171820147433
2.4600000000000017,-1.96745507107,2.31735230782,15.7745879705,0.172177658825,0.182385549192,0.0,-2.62033369057,2.80790950868,4.46997352031,-0.0157501728754,0.0809047543495,0.0,444.7417772711024,443.6429900945331,444.42492895540676,444.6499192272807
2.520000000000002,-2.12815850249,2.48876955239,16.0430334032,0.171176223428,0.187274846702,0.0,-2.73689649336,2.90577577553,4.47790901595,-0.0186409550297,0.082629838924,0.0,439.6680908861097,439.8164624642818,440.34295101564936,440.10379269133784
2.580000000000002,-2.29607026921,2.66612220575,16.3125297124,0.17026878104,0.192321636965,0.0,-2.86062163387,3.00572955012,4.50489723253,-0.0088838340298,0.0869242737015,0.0,446.37557603694927,446.7316861091659,446.7737401345247,447.56878239669584
2.640000000000002,-2.47149243647,2.84941811977,16.5835210014,0.169937795907,0.197990246362,0.0,-2.98728407074,3.1039354099,4.52772032049,0.000486919830954,0.106408647001,0.0,445.5872888708641,447.18492048372815,446.0780588577672,446.84283891460996
2.700000000000002,-2.65444877475,3.03842374986,16.8549454253,0.169937096352,0.20420198544,0.0,-3.11183289915,3.19611142023,4.51943994027,-0.00102803438004,0.0970440311334,0.0,438.21856409425703,437.4487705070307,436.6254897358156,436.4990597081418
2.760000000000002,-2.84537864551,3.23324555917,17.12764406,0.169608499513,0.21006440643,0.0,-3.25302444837,3.29773519594,4.56989845177,-0.0163238845257,0.0990000910491,0.0,456.46707213701035,456.6310651425416,458.01440079804007,456.796154771241
2.820000000000002,-3.0445777377,3.43387125152,17.4018205104,0.168878215502,0.215596325287,0.0,-3.38748117454,3.38955463393,4.56896095042,-0.0049454719683,0.0729554105026,0.0,442.6233865008395,440.4813205300438,441.30153820901535,442.2400426691489
2.880000000000002,-3.25212147153,3.64010035769,17.6766672223,0.169423474094,0.219678596517,0.0,-3.53104282979,3.48459365301,4.59211876027,0.0280706727671,0.0557382892282,0.0,450.63188636516725,449.24107977767756,449.3146906564475,451.98389458352784
2.940000000000002,-3.46787608981,3.85165249628,17.9507041699,0.171093376223,0.22282027483,0.0,-3.66113942269,3.5671721569,4.54232439406,0.027349502209,0.0445708442613,0.0,427.7515802023694,426.80119910435025,427.01913826055085,426.9578336875013
3.000000000000002,-3.69269782018,4.06905887162,18.2268965227,0.172491039625,0.225728911377,0.0,-3.83312350834,3.6796053473,4.66307803463,0.013612587628,0.055324158368,0.0,480.7677219078008,481.5831512843475,483.62432946917176,482.58838451669953
3.0600000000000023,-3.92677889024,4.29235847234,18.5053968608,0.172866304157,0.229582520974,0.0,-3.96997702337,3.76364054512,4.62010099221,-0.0155498112601,0.0778112400489,0.0,430.94572565359715,432.845750554009,433.261335600668,430.80195163863056
3.1200000000000023,-4.16894464211,4.52051665352,18.7803841778,0.171546829226,0.233941034712,0.0,-4.10270959122,3.84143514312,4.54614941591,-0.0397543575611,0.0595226124845,0.0,422.9448318407326,421.3706900775863,422.33914931533855,420.2457075455305
3.1800000000000024,-4.41936547728,4.75343356779,19.0517447548,0.169193743929,0.23748369501,0.0,-4.24507405959,3.92212956414,4.49912258535,-0.0381668243884,0.0580706417422,0.0,430.7228970854824,430.602618939367,431.04721524353425,431.1805618592913
3.2400000000000024,-4.6784639234,4.99115980834,19.3204695219,0.166899824416,0.241159280532,0.0,-4.39196870542,4.00174227243,4.45824349706,-0.0383626139663,0.066974633976,0.0,431.64008773144303,432.3937930388904,434.32057710401267,434.3034082895718
3.3000000000000025,-4.9467482139,5.23378398381,19.5878429653,0.164536817076,0.244964725553,0.0,-4.55127483856,4.08534083871,4.45386183746,-0.0415069933078,0.0551643004083,0.0,445.54533847436824,444.5813944856611,446.3557338560411,446.09822380184505
3.3600000000000025,-5.22413572235,5.48099331449,19.8527609007,0.162747669689,0.248101057844,0.0,-4.69542548765,4.15469398667,4.37678689299,-0.0131486780943,0.0457521109214,0.0,421.10135226824775,420.2881145038742,421.73316335221705,424.17556296272295
3.4200000000000026,-5.5108190849,5.73267369133,20.1152317902,0.162648483546,0.250548800365,0.0,-4.86102897575,4.23444449039,4.37187180546,0.014820122742,0.028367359961,0.0,446.68918878445373,445.26977619418466,445.169954205498,447.4531935312264
3.4800000000000026,-5.80726608162,5.98895840685,20.3764209594,0.164112752105,0.252366817359,0.0,-5.02085199481,4.30834197054,4.33421399431,0.0387853251236,0.0339095156754,0.0,436.35787434428863,436.8206969144028,434.593265543025,436.59789149855584
3.5400000000000027,-6.11369018109,6.24988191617,20.6365331362,0.166799414389,0.254397165369,0.0,-5.1935762968,4.38915529073,4.3356959331,0.0546594168665,0.0336980256648,0.0,450.0402527833849,450.0235775607282,448.5893777235556,449.87791421720556
3.6000000000000028,-6.43015603978,6.51542515527,20.8951878147,0.170092285834,0.256788897319,0.0,-5.3556508901,4.46241611268,4.28586708598,0.0553209169513,0.0499788781742,0.0,433.10742290049006,434.475708215742,433.55997944056776,433.61766465442946
3.660000000000003,-6.7556617001,6.78489658714,21.1479357704,0.173565403581,0.260311901363,0.0,-5.49507363887,4.52013301022,4.1392832159,0.0625736367795,0.0721060832734,0.0,399.77754805733207,401.79188077373504,399.25656133157526,399.9206133997733
3.720000000000003,-7.08949707982,7.05776916944,21.3913771267,0.177157634904,0.264532198462,0.0,-5.63337979595,4.57579988259,3.97567262978,0.0538297612754,0.0665471786324,0.0,392.9381287301144,392.42680710257144,394.55184188105636,393.74654066233484
3.780000000000003,-7.43305360857,7.33486132275,21.629760009,0.180367304294,0.26868522777,0.0,-5.81898188289,4.66066836993,3.96978799716,0.0528156354912,0.0740814450118,0.0,448.0348643126039,448.65070100985946,448.1627583510433,448.08216351870857
3.840000000000003,-7.78773502378,7.61698507246,21.8672651717,0.183648766043,0.272972496223,0.0,-6.00425105991,4.7435164286,3.94647063374,0.0581989083111,0.0656048192501,0.0,443.56183669122527,442.86893137407077,444.35062296505953,444.7937965265067
3.900000000000003,-8.15313791307,7.90376841694,22.1015104867,0.18721776737,0.276563602628,0.0,-6.17639214709,4.81604110135,3.86146730581,0.0619348451504,0.0447152487142,0.0,425.11240969215856,423.32084334285014,423.9017247474263,424.22538375247854
3.960000000000003,-8.53019827438,8.1957301469,22.3348318483,0.190796120624,0.279646767478,0.0,-6.39263333831,4.91606446262,3.91489746008,0.0546020004329,0.0621814113496,0.0,470.0853364316291,471.438590900166,470.7550036598849,470.1894133705401
4.020000000000002,-8.91978729755,8.49335330982,22.5693696418,0.194114621207,0.283271548851,0.0,-6.59415196989,5.00473886746,3.90233177706,0.056684341007,0.0566201593793,0.0,452.0729635509583,451.6270451760406,451.1825886283626,451.3527210080329
4.080000000000001,-9.32117872597,8.79604764369,22.8017140854,0.19777769856,0.286774445099,0.0,-6.78609418801,5.0851452042,3.84204102093,0.0685986945363,0.0616889449864,0.0,436.65576151469674,437.08093536520954,436.86105132700004,437.8563051567341
4.14,-9.73383138867,9.10334036531,23.0291364962,0.201543916008,0.291107752064,0.0,-6.96961810973,5.15806131512,3.7384481796,0.0473614671304,0.0876581616222,0.0,421.68749120438775,423.9295441202162,424.44183569821314,422.61775030005924
4.199999999999998,-10.1572709875,9.41478383866,23.2491211478,0.204256536262,0.296542876858,0.0,-7.14578615902,5.22342037232,3.5943033027,0.0405193928277,0.0958735487649,0.0,410.20431071773123,410.940979158064,408.2608381167074,407.651108925103
4.259999999999997,-10.5932873447,9.73137951728,23.4663511711,0.206595282364,0.302425246321,0.0,-7.38870309077,5.32958427725,3.64539989139,0.0357062664176,0.102050253162,0.0,475.5686664181201,476.04917010125257,475.77177090472946,475.4036814325066
4.319999999999996,-11.0433507638,10.0538753735,23.6843394459,0.208544036829,0.308336793183,0.0,-7.61411299463,5.42011405439,3.61999207197,0.025086767178,0.0903402205782,0.0,454.529083197481,453.59747830818054,453.9201185111386,453.06727017140037
4.379999999999995,-11.5062955259,10.3812573872,23.8982279615,0.20969952898,0.313895478214,0.0,-7.81816144206,5.49248386746,3.50928688712,0.00384028046232,0.0968928019289,0.0,427.0139025821955,427.5802552404853,426.67122233779696,424.8529317413898
4.439999999999993,-11.9821878483,10.7132935113,24.107034574,0.210252600771,0.31971755419,0.0,-8.04568354947,5.57509960851,3.45024928637,0.0182442397458,0.0973164813813,0.0,445.7327353891081,445.7753851950647,444.14214557083085,445.32213324719606
4.499999999999992,-12.4717712763,11.0501594842,24.3118144475,0.210992303501,0.325350947167,0.0,-8.27455479584,5.65353179893,3.37510297432,-0.00341128806528,0.0859693032734,0.0,441.65029309439944,440.72063742212913,442.4377177316448,440.6506080383115
4.559999999999991,-12.9751026713,11.3915870863,24.5115417503,0.210509666736,0.330553378145,0.0,-8.50397938706,5.72707416552,3.2819842201,-0.0194542154821,0.0881425968244,0.0,436.8390360813296,437.0266211710064,436.8752100363036,435.5352236492553
4.6199999999999894,-13.4929598698,11.7377163021,24.7072619523,0.209291488765,0.335971306925,0.0,-8.75871819697,5.8100936751,3.24117891053,-0.0220567632113,0.0942931004301,0.0,455.2022153142033,455.70084803467483,455.70313195416674,455.4950296357023
4.679999999999988,-14.0248563551,12.0878958991,24.8964282911,0.20850380675,0.341449370214,0.0,-8.97216966054,5.86229598176,3.06432093457,0.000491826215704,0.0845268377105,0.0,409.76107577718597,408.8994338982154,408.9993657122367,411.0033726218994
4.739999999999987,-14.5712128898,12.4420021245,25.0789501756,0.208687232171,0.34649512712,0.0,-9.24052276117,5.94087447712,3.01880143024,0.00774906023262,0.0832205192677,0.0,456.56258395022076,456.4638978994719,455.4585974356683,456.0387446958746
4.799999999999986,-15.1342100144,12.8009641273,25.2595567054,0.209419435076,0.3525660896,0.0,-9.52685542871,6.02413856345,3.0001739145,0.0198846838546,0.123539608502,0.0,465.0430098713663,468.1989468717553,467.311355728161,468.25648965988904
4.859999999999984,-15.7126543423,13.1637721913,25.4337363934,0.210913120608,0.359789518375,0.0,-9.75573932452,6.06931275087,2.80553237217,0.0333931020864,0.113209777894,0.0,409.12466280970926,408.2180066353975,408.2155441473563,409.41972690752186
4.919999999999983,-16.3072076696,13.5304578792,25.6017420838,0.213852657316,0.367180809343,0.0,-10.063571648,6.15325753204,2.79303070777,0.0693869530706,0.138005235064,0.0,471.670391719404,473.59433979281914,472.0553102151936,474.82656616003584
4.979999999999982,-16.91922387,13.9014777211,25.7656538302,0.217799671487,0.375538868774,0.0,-10.3380108987,6.21396407113,2.66959481805,0.0573791733222,0.141771413206,0.0,438.8094130393101,439.1402950526997,440.38441993500305,439.3929795202866
5.0399999999999805,-17.5477706955,14.2760308949,25.9215654715,0.22092645064,0.38409559563,0.0,-10.6146535679,6.27096970935,2.52642510039,0.0386674003966,0.144240759424,0.0,434.68943950717426,434.9158254257791,436.16452145356317,434.6002448279061
